0 processing_time(mtcnn - start):  5.2420268058776855
0 processing_time(resnet - mtcnn):  2.702821969985962

1 processing_time(mtcnn - start):  2.103909730911255
1 processing_time(resnet - mtcnn):  1.6657185554504395

2 processing_time(mtcnn - start):  5.75793981552124
2 processing_time(resnet - mtcnn):  2.209214687347412

3 processing_time(mtcnn - start):  5.562891006469727
3 processing_time(resnet - mtcnn):  2.2631003856658936

4 processing_time(mtcnn - start):  0.8625097274780273
4 processing_time(resnet - mtcnn):  2.0434062480926514

5 processing_time(mtcnn - start):  0.9522583484649658
5 processing_time(resnet - mtcnn):  2.39376163482666

6 processing_time(mtcnn - start):  0.5913784503936768
6 processing_time(resnet - mtcnn):  2.093205213546753

7 processing_time(mtcnn - start):  0.6102991104125977
7 processing_time(resnet - mtcnn):  2.0601093769073486

8 processing_time(mtcnn - start):  0.9853818416595459
8 processing_time(resnet - mtcnn):  2.830181360244751

9 processing_time(mtcnn - start):  0.9418182373046875
9 processing_time(resnet - mtcnn):  2.382657051086426

                 naoki_1.JPG  naoki_2.JPG  shinya_3.JPG  shinya_2.JPG  tailor.jpeg  tailor_1.jpeg  angelina_1.jpeg  angelina_2.jpeg  ul_1.jpeg   ul.jpeg
naoki_1.JPG         1.000000     0.771547      0.343093      0.549225     0.156205       0.080287         0.001719        -0.095009  -0.084132 -0.076441
naoki_2.JPG         0.771547     1.000000      0.399151      0.449084     0.083267      -0.001574        -0.023601        -0.072311   0.089634  0.119724
shinya_3.JPG        0.343093     0.399151      1.000000      0.759708     0.079091       0.177513        -0.161233        -0.020700   0.186621  0.148524
shinya_2.JPG        0.549225     0.449084      0.759708      1.000000    -0.015857       0.057970        -0.121594        -0.113183  -0.006572  0.036745
tailor.jpeg         0.156205     0.083267      0.079091     -0.015857     1.000000       0.786915         0.248439         0.118545   0.016411 -0.113849
tailor_1.jpeg       0.080287    -0.001574      0.177513      0.057970     0.786915       1.000000         0.201004         0.167991  -0.061024 -0.226185
angelina_1.jpeg     0.001719    -0.023601     -0.161233     -0.121594     0.248439       0.201004         1.000000         0.696110   0.076901  0.042979
angelina_2.jpeg    -0.095009    -0.072311     -0.020700     -0.113183     0.118545       0.167991         0.696110         1.000000   0.189687  0.195238
ul_1.jpeg          -0.084132     0.089634      0.186621     -0.006572     0.016411      -0.061024         0.076901         0.189687   1.000000  0.776125
ul.jpeg            -0.076441     0.119724      0.148524      0.036745    -0.113849      -0.226185         0.042979         0.195238   0.776125  1.000000
