0 processing_time(mtcnn - start):  5.96392035484314
0 processing_time(resnet - mtcnn):  1.7502808570861816

1 processing_time(mtcnn - start):  5.580169439315796
1 processing_time(resnet - mtcnn):  2.160217046737671

2 processing_time(mtcnn - start):  4.687491178512573
2 processing_time(resnet - mtcnn):  3.121541738510132

3 processing_time(mtcnn - start):  2.654768466949463
3 processing_time(resnet - mtcnn):  2.3310041427612305

4 processing_time(mtcnn - start):  0.7815113067626953
4 processing_time(resnet - mtcnn):  1.9039826393127441

5 processing_time(mtcnn - start):  0.5923407077789307
5 processing_time(resnet - mtcnn):  1.8435873985290527

6 processing_time(mtcnn - start):  0.9332470893859863
6 processing_time(resnet - mtcnn):  2.397651433944702

7 processing_time(mtcnn - start):  0.934471845626831
7 processing_time(resnet - mtcnn):  1.9639637470245361

              tsuchida_3  tsuchida_2  mybrother_1  mybrother_2  angelina_1  angelina_2  will_smith_2  will_smith_1
tsuchida_3      1.000000    0.759708     0.343093     0.399151   -0.161233   -0.020700      0.148524      0.186621
tsuchida_2      0.759708    1.000000     0.549225     0.449084   -0.121594   -0.113183      0.036745     -0.006572
mybrother_1     0.343093    0.549225     1.000000     0.771547    0.001719   -0.095009     -0.076441     -0.084132
mybrother_2     0.399151    0.449084     0.771547     1.000000   -0.023601   -0.072311      0.119724      0.089634
angelina_1     -0.161233   -0.121594     0.001719    -0.023601    1.000000    0.696110      0.042979      0.076901
angelina_2     -0.020700   -0.113183    -0.095009    -0.072311    0.696110    1.000000      0.195238      0.189687
will_smith_2    0.148524    0.036745    -0.076441     0.119724    0.042979    0.195238      1.000000      0.776125
will_smith_1    0.186621   -0.006572    -0.084132     0.089634    0.076901    0.189687      0.776125      1.000000
