0 processing_time(mtcnn - start):  0.594012975692749
0 processing_time(resnet - mtcnn):  0.13520073890686035

1 processing_time(mtcnn - start):  0.3914358615875244
1 processing_time(resnet - mtcnn):  0.12319087982177734

2 processing_time(mtcnn - start):  0.44162821769714355
2 processing_time(resnet - mtcnn):  0.17285728454589844

3 processing_time(mtcnn - start):  0.21733427047729492
3 processing_time(resnet - mtcnn):  0.12663578987121582

4 processing_time(mtcnn - start):  0.02166128158569336
4 processing_time(resnet - mtcnn):  0.12050151824951172

5 processing_time(mtcnn - start):  0.018470048904418945
5 processing_time(resnet - mtcnn):  0.12125563621520996

6 processing_time(mtcnn - start):  0.039992570877075195
6 processing_time(resnet - mtcnn):  0.1186668872833252

7 processing_time(mtcnn - start):  0.030832529067993164
7 processing_time(resnet - mtcnn):  0.11629509925842285

              tsuchida_3  tsuchida_2  mybrother_1  mybrother_2  angelina_1  angelina_2  will_smith_2  will_smith_1
tsuchida_3      1.000000    0.761204     0.346592     0.405468   -0.160348   -0.028951      0.146394      0.215691
tsuchida_2      0.761204    1.000000     0.553500     0.447135   -0.107478   -0.110410      0.033588      0.022813
mybrother_1     0.346592    0.553500     1.000000     0.771920    0.001793   -0.096198     -0.078835     -0.076656
mybrother_2     0.405468    0.447135     0.771920     1.000000   -0.022686   -0.072208      0.121392      0.085070
angelina_1     -0.160348   -0.107478     0.001793    -0.022686    1.000000    0.692932      0.026672      0.053248
angelina_2     -0.028951   -0.110410    -0.096198    -0.072208    0.692932    1.000000      0.175999      0.171245
will_smith_2    0.146394    0.033588    -0.078835     0.121392    0.026672    0.175999      1.000000      0.729782
will_smith_1    0.215691    0.022813    -0.076656     0.085070    0.053248    0.171245      0.729782      1.000000
